# Residue Rdd Rdd error
41.00000 0.00000 0.00000
42.00000 0.00000 0.00000
43.00000 0.00000 0.00000
44.00000 0.00000 0.00000
45.00000 0.67260 0.11763
46.00000 0.50006 0.13968
47.00000 0.74836 0.18610
48.00000 0.00000 0.00000
49.00000 0.74288 0.15157
50.00000 0.33446 0.11355
51.00000 0.70344 0.19266
52.00000 0.27127 0.05235
53.00000 0.66438 0.12483
54.00000 0.40422 0.11603
55.00000 0.52843 0.09521
56.00000 0.49029 0.08136
57.00000 0.00000 0.00000
58.00000 0.35024 0.08041
59.00000 0.35310 0.08718
60.00000 0.00000 0.00000
61.00000 0.00000 0.00000
