      Assignment         w1         w2        Volume   Data Height   lw1 (hz)   lw2 (hz) 

          S43N-HN     0.0           0.0       0.0           0.0        0.0        0.0
          L44N-HN    124.255      8.352   2.21e+07        117309       12.8       22.0 
          T45N-HN    113.425      8.025   6.89e+07        667032       15.5       36.4 
          E46N-HN    122.751      8.242   2.37e+07        733064        7.7       17.6 
          N47N-HN     0.0           0.0       0.0           0.0         0.0        0.0
          K48N-HN    121.564      8.175   2.65e+07        394882       10.5       32.9 
          Y49N-HN    120.311      8.120   7.36e+07       1855915        9.0       18.8 
          S50N-HN    117.050      8.094   5.67e+07        462030       15.4       36.0 
          Q51N-HN    122.075      8.314   3.67e+07        530162       10.2       40.7 
          L52N-HN    122.681      8.166   1.53e+08       7422344        6.2       14.0 
          D53N-HN    120.892      8.230   1.84e+08       9818756        5.4       13.6 
          E54N-HN    120.540      8.188   2.31e+08      13364525        4.7       12.6 
          E55N-HN    121.694      8.329   2.24e+08      13167301        5.1       12.7 
         E55*N-HN    121.836      8.280   1.94e+07        748006        6.5       17.7 
          Q56N-HN    122.462      8.305   2.12e+08      11095601        4.8       13.6 
         Q56*N-HN    119.534      7.930   2.32e+07       1226132        4.7       15.0 
          M58N-HN    120.955      8.387   2.38e+08      13579835        5.5       13.2 
          M58*N-HN    0.0           0.0        0.0          0.0         0.0       0.0 
          E59N-HN    122.666      8.381   1.73e+08       8776782        5.4       13.4 
         E59*N-HN    123.208      8.459   1.68e+07        512954        7.6       18.6 
          I60N-HN    121.630      8.126   3.63e+08      22058002        4.6       14.0 
          D61N-HN    129.410      7.912   6.83e+08      47932048        4.5       12.5 
