      Assignment         w1         w2        Volume   Data Height   lw1 (hz)   lw2 (hz) 

          S43N-HN    117.500      8.497   4.81e+07        546181       12.2       35.1 
          L44N-HN    124.600      8.484   1.44e+08       4513224        7.9       16.9 
          T45N-HN    113.611      8.096   2.13e+08       8798787        6.3       15.4 
          E46N-HN    122.950      8.305   1.78e+08       8644590        6.3       13.4 
          N47N-HN    120.141      8.465   1.00e+08       2297332        9.5       20.0 
          K48N-HN    121.785      8.279   7.27e+07       3598942        6.3       13.3 
          Y49N-HN    120.529      8.207   2.56e+08      12675408        5.5       13.4 
          S50N-HN    117.342      8.156   1.80e+08       6894552        7.0       15.6 
          Q51N-HN    122.326      8.401   1.56e+08       5194908        6.9       16.5 
          L52N-HN    122.806      8.240   3.93e+08      23234482        4.9       12.7 
          D53N-HN    120.998      8.301   4.38e+08      27452920        4.9       12.5 
          E54N-HN    120.736      8.264   5.01e+08      33169498        4.9       12.1 
          E55N-HN    121.913      8.415   4.89e+08      30344564        5.3       12.0 
         E55*N-HN    122.048      8.354   2.47e+07       1350460        3.9       15.0 
          Q56N-HN    122.770      8.413   4.64e+08      26979906        4.3       13.1 
         Q56*N-HN    119.673      8.022   3.85e+07       1918959        5.8       15.0 
          M58N-HN    121.251      8.493   4.92e+08      30737604        4.6       12.1 
         M58*N-HN    121.060      8.465   1.07e+07       1209472        3.1       11.0 
          E59N-HN    122.970      8.481   4.28e+08      25230828        4.3       12.9 
         E59*N-HN    123.480      8.560   2.95e+07       1472360        6.0       14.3 
          I60N-HN    121.954      8.242   7.09e+08      43471600        4.7       13.8 
          D61N-HN    129.587      7.999   8.72e+08      62929924        4.1       12.3 
