      Assignment         w1         w2        Volume   Data Height   lw1 (hz)   lw2 (hz) 

          S43N-HN    118.035      8.622   2.91e+08     12533224        6.5       14.2 
          L44N-HN    124.899      8.635   4.33e+08     23595194        5.3       13.0 
          T45N-HN    113.809      8.172   5.03e+08     27176456        4.5       13.8 
          E46N-HN    123.218      8.373   4.94e+08     28213394        5.0       12.4 
          N47N-HN    120.431      8.566   3.66e+08     17694056        5.9       14.0 
          K48N-HN    122.061      8.393   3.88e+08     19456248        5.4       13.2 
          Y49N-HN    120.817      8.305   6.65e+08     29625938        6.4       15.3 
          S50N-HN    117.693      8.212   4.57e+08     24676724        4.9       13.3 
          Q51N-HN    122.612      8.500   4.31e+08     22798224        5.4       13.6 
          L52N-HN    122.915      8.314   6.29e+08     37742312        5.4       12.7 
          D53N-HN    121.095      8.376   5.78e+08     39332648        4.9       12.3 
          E54N-HN    120.974      8.346   6.85e+08     39597752        5.4       13.2 
          E55N-HN    122.180      8.511   6.19e+08     36260440        4.6       12.3 
         E55*N-HN    122.612      8.441   1.23e+06       431147        3.5        6.0 
          Q56N-HN    123.127      8.535   6.60e+08     39017176        5.3       12.4 
         Q56*N-HN    119.826      8.125   3.78e+07      1633277        5.7       16.8 
          M58N-HN    121.607      8.608   6.84e+08     43160328        5.2       11.9 
         M58*N-HN    121.216      8.529   3.46e+07      1538816        5.5       15.5 
          E59N-HN    123.357      8.597   7.25e+08     43152752        5.4       12.5 
         E59*N-HN    123.804      8.675   3.48e+07      1692960        6.3       14.1 
          I60N-HN    122.351      8.376   8.57e+08     49619680        4.8       14.1 
          D61N-HN    129.830      8.103   9.00e+08     55325352        4.4       12.4 
