      Assignment         w1         w2        Volume   Data Height   lw1 (hz)   lw2 (hz) 

          S43N-HN    117.955      8.604   2.33e+08       9003436        6.5       15.4 
          L44N-HN    124.855      8.613   3.96e+08      20531886        5.8       12.9 
          T45N-HN    113.784      8.161   4.61e+08      24615470        4.7       13.3 
          E46N-HN    123.178      8.364   4.62e+08      26482970        5.7       11.9 
          N47N-HN    120.391      8.551   3.17e+08      13657413        5.8       14.3 
          K48N-HN    122.025      8.377   3.01e+08      18008736        5.3       12.5 
          Y49N-HN    120.771      8.292   4.82e+08      29157806        5.3       12.7 
          S50N-HN    117.639      8.205   4.30e+08      23273580        5.3       13.4 
          Q51N-HN    122.568      8.487   3.93e+08      20376578        5.7       13.5 
          L52N-HN    122.906      8.304   6.12e+08      37307096        5.3       12.6 
          D53N-HN    121.080      8.365   5.94e+08      38660656        4.7       11.7 
          E54N-HN    120.945      8.334   5.90e+08      42460216        4.6       11.5 
          E55N-HN    122.144      8.497   6.34e+08      39237400        5.2       11.8 
         E55*N-HN    122.247      8.424   1.13e+07       1372299        2.2       16.5 
          Q56N-HN    123.077      8.518   6.34e+08      36585296        4.5       12.8 
         Q56*N-HN    119.806      8.111   4.12e+07       1808236        6.3       16.0 
          M58N-HN    121.556      8.592   6.53e+08      39480192        4.3       12.2 
         M58*N-HN    121.203      8.522   3.30e+07       1611656        5.7       15.1 
          E59N-HN    123.303      8.581   7.03e+08      42488620        5.4       12.5 
         E59*N-HN    123.760      8.659   3.17e+07       1634301        5.0       14.2 
          I60N-HN    122.295      8.357   8.35e+08      49948248        5.0       13.4 
          D61N-HN    129.797      8.088   8.90e+08      61095172        4.6       12.0 
