      Assignment         w1         w2        Volume   Data Height   lw1 (hz)   lw2 (hz) 

          S43N-HN    117.653      8.531   9.27e+07       1567984       10.1       26.1 
          L44N-HN    124.685      8.526   2.10e+08       8491564        6.6       14.9 
          T45N-HN    113.671      8.118   2.96e+08      14251060        5.7       14.3 
          E46N-HN    123.023      8.325   2.71e+08      13614490        5.9       13.4 
          N47N-HN    120.221      8.493   1.63e+08       4941444        7.6       17.5 
          K48N-HN    121.872      8.313   1.40e+08       7198662        6.3       13.6 
          Y49N-HN    120.609      8.235   3.48e+08      18118222        5.4       13.2 
          S50N-HN    117.441      8.173   2.56e+08      11321308        6.2       14.1 
          Q51N-HN    122.406      8.430   2.26e+08       9648145        6.5       14.5 
          L52N-HN    122.841      8.262   4.89e+08      29894418        5.5       12.4 
          D53N-HN    121.025      8.323   5.15e+08      31774296        4.8       12.3 
          E54N-HN    120.808      8.287   5.74e+08      37609688        4.8       12.4 
          E55N-HN    121.985      8.442   5.73e+08      35436576        5.1       12.3 
         E55*N-HN    122.124      8.378   2.89e+07       1652422        5.6       13.0 
          Q56N-HN    122.871      8.448   5.66e+08      33043670        5.3       12.3 
         Q56*N-HN    119.719      8.050   3.90e+07       1838259        6.0       15.3 
          M58N-HN    121.353      8.526   6.16e+08      36846596        5.3       12.3 
         M58*N-HN    121.138      8.485   2.77e+07       1331034        5.6       14.1 
          E59N-HN    123.077      8.514   5.59e+08      34257672        5.4       12.8 
         E59*N-HN    123.572      8.593   3.52e+07       1525920        6.0       16.0 
          I60N-HN    122.061      8.280   7.39e+08      45016928        4.1       13.8 
          D61N-HN    129.658      8.028   9.32e+08      64438960        4.4       13.0 
