      Assignment         w1         w2        Volume   Data Height   lw1 (hz)   lw2 (hz) 

          S43N-HN    117.803      8.568   1.42e+08       4304378        8.0       17.4 
          L44N-HN    124.771      8.570   3.08e+08      14924979        6.1       14.1 
          T45N-HN    113.730      8.141   3.87e+08      20221024        5.0       14.3 
          E46N-HN    123.103      8.345   3.60e+08      19688136        5.4       12.7 
          N47N-HN    120.306      8.523   2.33e+08       8909942        6.5       15.4 
          K48N-HN    121.949      8.345   2.23e+08      11663523        5.6       13.3 
          Y49N-HN    120.689      8.263   4.14e+08      25018928        5.3       12.8 
          S50N-HN    117.540      8.190   3.32e+08      15959673        5.3       13.2 
          Q51N-HN    122.488      8.459   3.14e+08      15136698        6.1       14.1 
          L52N-HN    122.873      8.284   5.37e+08      31527256        4.7       12.0 
          D53N-HN    121.059      8.345   5.68e+08      36753452        4.8       12.0 
          E54N-HN    120.871      8.312   5.76e+08      40265024        4.3       11.9 
          E55N-HN    122.066      8.471   5.86e+08      35735456        4.4       12.1 
         E55*N-HN    122.203      8.402   2.99e+07       1527634        6.5       12.4 
          Q56N-HN    122.977      8.483   6.32e+08      38671940        5.0       13.1 
         Q56*N-HN    119.762      8.080   4.32e+07       1826712        6.3       16.1 
          M58N-HN    121.457      8.560   6.47e+08      41299152        4.8       12.4 
         M58*N-HN    121.176      8.504   3.21e+07       1541522        5.8       14.8 
          E59N-HN    123.189      8.548   5.92e+08      35364052        4.4       12.6 
         E59*N-HN    123.668      8.625   3.08e+07       1552980        4.8       15.1 
          I60N-HN    122.182      8.318   7.88e+08      48365988        4.3       13.8 
          D61N-HN    129.721      8.058   8.93e+08      58291884        3.9       12.5 
