      Assignment         w1         w2        Volume   Data Height   lw1 (hz)   lw2 (hz) 
      
          S43N-HN     0.0           0.0       0.0           0.0        0.0        0.0
          L44N-HN     0.0           0.0       0.0           0.0        0.0        0.0
          T45N-HN    113.325      8.004   8.85e+08        169869      197.6       85.9 
          E46N-HN    122.706      8.215   3.39e+08         18625       35.5      156.7 
          N47N-HN     0.0           0.0       0.0           0.0         0.0        0.0
          K48N-HN    121.462      8.135   1.38e+07        301793       10.8       18.9 
          Y49N-HN    120.243      8.090   4.68e+07        680830       12.5       22.3 
          S50N-HN     0.0           0.0       0.0           0.0        0.0        0.0
          Q51N-HN     0.0           0.0       0.0           0.0        0.0        0.0
          L52N-HN    122.640      8.140   1.10e+08       4360296        6.7       14.9 
          D53N-HN    120.854      8.205   1.30e+08       6309270        5.6       13.9 
          E54N-HN    120.480      8.163   1.90e+08      10398836        5.3       13.1 
          E55N-HN    121.619      8.302   1.75e+08       9589279        5.4       12.9 
         E55*N-HN    121.766      8.257   8.70e+06        554054        5.6       10.3 
          Q56N-HN    122.362      8.270   1.65e+08       8576604        5.5       13.9 
         Q56*N-HN    119.479      7.900   1.99e+07       1154244        5.2       14.2 
          M58N-HN    120.857      8.350   1.71e+08       8721584        5.3       13.4 
          M58*N-HN    0.0           0.0        0.0          0.0         0.0       0.0  
          E59N-HN    122.574      8.348   1.26e+08       5622566        5.5       14.8 
         E59*N-HN    123.127      8.421   1.66e+07        366298        9.7       20.7 
          I60N-HN    121.532      8.089   2.86e+08      15796768        4.2       14.1 
          D61N-HN    129.352      7.884   6.60e+08      45987236        4.4       12.8 
