      Assignment         w1         w2        Volume   Data Height   lw1 (hz)   lw2 (hz) 

          S43N-HN     0.0           0.0       0.0           0.0        0.0        0.0
          L44N-HN     0.0           0.0       0.0           0.0        0.0        0.0
          T45N-HN    113.401      8.014   4.61e+07        704301       12.8       28.3 
          E46N-HN    122.676      8.230   1.64e+07        466808       19.0        8.5 
          N47N-HN     0.0           0.0       0.0           0.0         0.0        0.0
          K48N-HN    121.514      8.162   1.21e+07        289744        9.4       20.5 
          Y49N-HN    120.291      8.108   5.37e+07       1264525        8.9       20.7 
          S50N-HN    117.068      8.080   2.29e+07        369994       10.9       28.7 
          Q51N-HN    122.026      8.292   4.59e+07        269393       11.4       58.1 
          L52N-HN    122.667      8.156   1.36e+08       6277247        6.3       14.4 
          D53N-HN    120.877      8.220   1.62e+08       8029100        5.4       13.7 
          E54N-HN    120.517      8.178   2.11e+08      12194650        4.8       12.8 
          E55N-HN    121.664      8.318   2.16e+08      12043752        5.6       13.3 
         E55*N-HN    121.807      8.268   1.31e+07        679671        5.4       13.5 
          Q56N-HN    122.423      8.291   1.99e+08      10524958        5.7       13.3 
         Q56*N-HN    119.510      7.916   2.65e+07       1174933        5.4       16.6 
          M58N-HN    120.918      8.372   2.05e+08      10778894        4.9       13.4
          M58*N-HN    0.0           0.0        0.0          0.0         0.0       0.0  
          E59N-HN    122.631      8.367   1.61e+08       7932907        5.8       14.2 
         E59*N-HN    123.183      8.439   1.57e+07        521037        7.5       18.6 
          I60N-HN    121.596      8.111   3.42e+08      19085480        4.1       14.9 
          D61N-HN    129.386      7.901   6.57e+08      46687940        4.3       12.4 
