      Assignment         w1         w2        Volume   Data Height   lw1 (hz)   lw2 (hz) 

          S43N-HN    117.533      8.445   0.0             172244        0.0        0.0       
          L44N-HN    124.514      8.442   9.63e+07       1893887        9.9       21.7 
          T45N-HN    113.548      8.072   1.39e+08       4385346        7.0       17.5 
          E46N-HN    122.879      8.283   1.02e+08       4309476        6.2       14.9 
          N47N-HN    120.065      8.432   7.69e+07        882766       13.2       31.3 
          K48N-HN    121.709      8.248   3.32e+07       1632110        5.5       14.2 
          Y49N-HN    120.456      8.178   1.88e+08       8297611        6.5       14.6 
          S50N-HN    117.243      8.137   1.16e+08       3314967        8.0       18.4 
          Q51N-HN    122.246      8.371   1.03e+08       2547293        8.5       20.2 
          L52N-HN    122.764      8.216   3.11e+08      17087040        5.1       13.0 
          D53N-HN    120.961      8.278   3.55e+08      20730674        4.8       13.0 
          E54N-HN    120.674      8.239   4.18e+08      26357720        4.6       12.5 
          E55N-HN    121.838      8.387   3.89e+08      23813042        4.5       12.5 
         E55*N-HN    121.975      8.328   3.17e+07       1297257        6.6       15.9 
          Q56N-HN    122.670      8.377   3.95e+08      23275352        5.2       12.7 
         Q56*N-HN    119.626      7.990   3.35e+07       1799870        5.4       14.4 
          M58N-HN    121.155      8.457   4.09e+08      25081910        4.5       12.7 
         M58*N-HN    0.0            0.0        0.0           0.0        0.0        0.0
          E59N-HN    122.868      8.447   3.52e+08      20469336        5.3       12.8 
         E59*N-HN    123.393      8.524   2.75e+07       1055027        6.5       16.8 
          I60N-HN    121.842      8.203   5.86e+08      34075088        3.9       13.6 
          D61N-HN    129.529      7.969   8.46e+08      53830328        3.7       12.4 
