      Assignment         w1         w2        Volume   Data Height   lw1 (hz)   lw2 (hz) 
          
          S43N-HN     0.0           0.0       0.0           0.0        0.0       0.0
          L44N-HN    124.410      8.401   7.35e+07        579122       16.9       36.4 
          T45N-HN    113.485      8.048   8.68e+07       2230970        8.2       19.9 
          E46N-HN    122.815      8.260   5.34e+07       2138980        8.0       13.8 
          N47N-HN    119.914      8.398   2.22e+08        223057       66.4       68.8 
          K48N-HN    121.549      8.219   1.89e+07        329422        3.0       28.7 
          Y49N-HN    120.384      8.148   1.23e+08       4299270        7.6       16.3 
          S50N-HN    117.151      8.116   7.81e+07       1334842       11.0       23.5 
          Q51N-HN    122.166      8.339   5.58e+07       1049540        9.8       23.6 
          L52N-HN    122.724      8.191   2.47e+08      12958324        5.7       13.5 
          D53N-HN    120.929      8.253   2.86e+08      16646659        5.5       13.1 
          E54N-HN    120.606      8.213   3.52e+08      22240272        5.4       12.2 
          E55N-HN    121.763      8.358   3.28e+08      19959062        5.2       12.3 
         E55*N-HN    121.905      8.304   2.49e+07       1116886        6.1       13.6 
          Q56N-HN    122.564      8.341   3.24e+08      18883896        5.2       13.4 
         Q56*N-HN    119.582      7.959   3.19e+07       1810361        4.7       13.7 
          M58N-HN    121.054      8.422   3.46e+08      20129196        5.3       12.4
         M58*N-HN    0.0            0.0        0.0           0.0        0.0        0.0 
          E59N-HN    122.763      8.413   2.70e+08      14849176        5.3       13.0 
         E59*N-HN    123.299      8.490   1.93e+07        896552        6.1       15.3 
          I60N-HN    121.740      8.164   5.31e+08      30970092        4.6       14.1 
          D61N-HN    129.470      7.940   8.82e+08      59701600        4.5       13.2 
